
# Tính tỷ trọng đóng góp của mỗi tháng trong mỗi quý
Weight_2021Q1 = [0.3509968161451049, 0.14619822593216416, 0.5028049579227309]
Weight_2021Q2 = [0.264572578241535, 0.4579971401728279, 0.27743028158563706]
Weight_2021Q3 = [0.3190701864391289, 0.4357649942083727, 0.24516481935249834]
Weight_2021Q4 = [0.21358619174302878, 0.356664646670665, 0.42974916158630625]
Weight_2022Q1 = [0.3947868655251553, 0.1865533967723726, 0.41865973770247214]
Weight_2022Q2 = [0.31280935912219354, 0.28716511451704115, 0.40002552636076534]
Weight_2022Q3 = [0.22174215138020404, 0.25550934868876255, 0.5227484999310335]
Weight_2022Q4 = [0.3488977921275869, 0.36204798354320874, 0.28905422432920444]
Weight_2023Q1 = [0.26711344732231207, 0.1864645791318346, 0.5464219735458533]
Weight_2023Q2 = [0.1800287745583139, 0.5298326824119072, 0.2901385430297788]
Weight_2023Q3 = [0.18983600665656536, 0.41261284779018505, 0.3975511455532496]

# Áp dụng tỷ trọng vào dữ liệu của bạn
m2021M01 = 735 * Weight_2021Q1[0]
m2021M02 = 735 * Weight_2021Q1[1]
m2021M03 = 735 * Weight_2021Q1[2]
m2021M04 = 330 * Weight_2021Q2[0]
m2021M05 = 330 * Weight_2021Q2[1]
m2021M06 = 330 * Weight_2021Q2[2]
m2021M07 = 560 * Weight_2021Q3[0]
m2021M08 = 560 * Weight_2021Q3[1]
m2021M09 = 560 * Weight_2021Q3[2]
m2021M10 = 750 * Weight_2021Q4[0]
m2021M11 = 750 * Weight_2021Q4[1]
m2021M12 = 750 * Weight_2021Q4[2]
m2022M01 = 730 * Weight_2022Q1[0]
m2022M02 = 730 * Weight_2022Q1[1]
m2022M03 = 730 * Weight_2022Q1[2]
m2022M04 = 450 * Weight_2022Q2[0]
m2022M05 = 450 * Weight_2022Q2[1]
m2022M06 = 450 * Weight_2022Q2[2]
m2022M07 = 600 * Weight_2022Q3[0]
m2022M08 = 600 * Weight_2022Q3[1]
m2022M09 = 600 * Weight_2022Q3[2]
m2022M10 = 450 * Weight_2022Q4[0]
m2022M11 = 450 * Weight_2022Q4[1]
m2022M12 = 450 * Weight_2022Q4[2]
m2023M01 = 555 * Weight_2023Q1[0]
m2023M02 = 555 * Weight_2023Q1[1]
m2023M03 = 555 * Weight_2023Q1[2]
m2023M04 = 600 * Weight_2023Q2[0]
m2023M05 = 600 * Weight_2023Q2[1]
m2023M06 = 600 * Weight_2023Q2[2]
m2023M07 = 400 * Weight_2023Q3[0]
m2023M08 = 400 * Weight_2023Q3[1]
m2023M09 = 400 * Weight_2023Q3[2]
m2023M10 = 800 * Weight_2023Q3[0]
m2023M11 = 800 * Weight_2023Q3[1]
m2023M12 = 800 * Weight_2023Q3[2]
